['Default Setting']
b_debugShowLayout = false
c_gridLines = [ 0.25, 0.25, 0.25, 1.0 ]
c_knobChannelColor = [ 0.38040345907211304, 0.38040345907211304, 0.38040345907211304, 1.0 ]
c_knobChannelHLColor = [ 0.6470588445663452, 0.33725491166114807, 0.0, 1.0 ]
c_knobFillColor = [ 0.45098039507865906, 0.45098039507865906, 0.45098039507865906, 1.0 ]
c_knobFillHLColor = [ 0.4927954077720642, 0.4927954077720642, 0.4927954077720642, 1.0 ]
c_knobMarkColor = [ 1.0, 1.0, 1.0, 1.0 ]
c_knobMarkHLColor = [ 0.6941176652908325, 0.6823529601097107, 0.6823529601097107, 1.0 ]
c_knobShadowColor = [ 0.26801151037216187, 0.25797075033187866, 0.25797075033187866, 1.0 ]
c_knobTextColor = [ 0.8196078538894653, 0.8196078538894653, 0.8196078538894653, 1.0 ]
c_nodeBorderColor = [ 0.42939484119415283, 0.42939484119415283, 0.42939484119415283, 1.0 ]
c_nodeCenterColor = [ 0.319884717464447, 0.319884717464447, 0.319884717464447, 1.0 ]
c_nodeShadowColor = [ 0.10000000149011612, 0.10000000149011612, 0.10000000149011612, 0.5 ]
c_nodeTitleBorderColor = [ 0.319884717464447, 0.319884717464447, 0.319884717464447, 1.0 ]
c_nodeTitleCenterColor = [ 0.420749306678772, 0.420749306678772, 0.420749306678772, 1.0 ]
c_nodeTitleShadowColor = [ 0.19596540927886963, 0.19596540927886963, 0.19596540927886963, 1.0 ]
c_sliderBorderColor = [ 0.29971182346343994, 0.29971182346343994, 0.29971182346343994, 1.0 ]
c_sliderCenterColor = [ 0.4524495601654053, 0.4524495601654053, 0.4524495601654053, 1.0 ]
c_sliderShadowColor = [ 0.2536023259162903, 0.2536023259162903, 0.2536023259162903, 1.0 ]
c_sliderThumbColor = [ 0.6484149694442749, 0.3363535702228546, 0.0, 1.0 ]
c_sliderThumbShadowColor = [ 0.21902018785476685, 0.21586427092552185, 0.21586427092552185, 1.0 ]
c_sliderTipBorderColor = [ 0.7665705680847168, 0.7665705680847168, 0.7665705680847168, 1.0 ]
c_sliderTipCenterColor = [ 0.23054754734039307, 0.23054754734039307, 0.23054754734039307, 1.0 ]
c_sliderTipFontColor = [ 0.6791103482246399, 0.7655288577079773, 0.8386167287826538, 1.0 ]
c_sliderTipShadowColor = [ 0.1181555986404419, 0.1181555986404419, 0.1181555986404419, 1.0 ]
s_gridLineSize = 2.0
s_knobChannelGap = 3.0
s_knobChannelWidth = 4.0
s_knobShadowSize = 2.0
s_knobTextInset = 3.0
s_knobTextSize = 24.0
s_nodeBorderRadius = 8.0
s_nodeBorderSize = 2.0
s_nodeShadowSize = 4.0
s_nodeTitleBorder = 3234.0
s_nodeTitleBorderRadius = 7.0
s_nodeTitleBorderSize = 0.0
s_nodeTitleFontPad = 6.0
s_nodeTitlePad = 6.0
s_nodeTitleShadowSize = 0.0
s_nodeTitleSize = 31.0
s_sliderBorderRadius = 4.0
s_sliderBorderSize = 0.0
s_sliderFontPad = 2.0
s_sliderShadowSize = 2.0
s_sliderThumbPad = 1.0
s_sliderThumbRadius = 4.0
s_sliderThumbShadowSize = 1.0
s_sliderTipBorderRadius = 16.0
s_sliderTipBorderSize = 0.0
s_sliderTipFontPad = 10.0
s_sliderTipFontSize = 25.0
s_sliderTipShadowSize = 0.0