['Default Theme']
c_gridLines = [ 0.25, 0.25, 0.25, 1.0 ]
c_nodeBackground = [ 0.3686274588108063, 0.3686274588108063, 0.3686274588108063, 1.0 ]
c_nodeBorderColor = [ 0.4899135231971741, 0.4899135231971741, 0.4899135231971741, 1.0 ]
c_nodeShadow = [ 0.10000000149011612, 0.10000000149011612, 0.10000000149011612, 0.5 ]
c_nodeTitleBackground = [ 0.20000000298023224, 0.20000000298023224, 0.20000000298023224, 0.699999988079071 ]
c_sliderBorderColor = [ 0.25648415088653564, 0.2550058364868164, 0.2550058364868164, 1.0 ]
c_sliderCenterColor = [ 0.4524495601654053, 0.4524495601654053, 0.4524495601654053, 1.0 ]
c_sliderThumbColor = [ 0.7723342776298523, 0.43919700384140015, 0.08012691140174866, 1.0 ]
s_gridLineSize = 2.0
s_nodeBorderRadius = 3.0
s_nodeBorderSize = 2.0
s_nodeShadowSize = 8.0
s_nodeTitleBorder = 6.0
s_nodeTitleBorderRadius = 7.0
s_nodeTitleFontPad = 6.0
s_nodeTitleFontSize = 30.0
s_sliderBorderRadius = 4.0
s_sliderBorderSize = 2.0
s_sliderFontPad = 2.0
s_sliderThumbPad = 4.0
s_sliderThumbRadius = 4.0