['Default Setting']
b_debugShowLayout = false
c_gridLines = [ 0.25, 0.25, 0.25, 1.0 ]
c_knobChannelColor = [ 0.38040345907211304, 0.38040345907211304, 0.38040345907211304, 1.0 ]
c_knobChannelHLColor = [ 0.8213256597518921, 0.1372821033000946, 0.1372821033000946, 1.0 ]
c_knobFillColor = [ 0.45098039507865906, 0.45098039507865906, 0.45098039507865906, 1.0 ]
c_knobFillHLColor = [ 0.4927954077720642, 0.4927954077720642, 0.4927954077720642, 1.0 ]
c_knobMarkColor = [ 1.0, 1.0, 1.0, 1.0 ]
c_knobMarkHLColor = [ 0.6941176652908325, 0.6823529601097107, 0.6823529601097107, 1.0 ]
c_knobShadowColor = [ 0.2219020128250122, 0.2199835479259491, 0.2199835479259491, 1.0 ]
c_knobTextColor = [ 0.8196078538894653, 0.8196078538894653, 0.8196078538894653, 1.0 ]
c_nodeBorderColor = [ 0.0, 0.0, 0.0, 1.0 ]
c_nodeCenterColor = [ 0.1844380497932434, 0.1844380497932434, 0.1844380497932434, 1.0 ]
c_nodeShadowColor = [ 0.10000000149011612, 0.10000000149011612, 0.10000000149011612, 0.5 ]
c_nodeTitleBorderColor = [ 0.319884717464447, 0.319884717464447, 0.319884717464447, 1.0 ]
c_nodeTitleCenterColor = [ 0.7492794990539551, 0.1317177265882492, 0.1317177265882492, 1.0 ]
c_nodeTitleShadowColor = [ 0.19596540927886963, 0.19596540927886963, 0.19596540927886963, 1.0 ]
c_sliderBorderColor = [ 0.29971182346343994, 0.29971182346343994, 0.29971182346343994, 1.0 ]
c_sliderCenterColor = [ 0.10662823915481567, 0.0845036432147026, 0.0845036432147026, 1.0 ]
c_sliderShadowColor = [ 0.0, 0.0, 0.0, 1.0 ]
c_sliderThumbColor = [ 0.8443803787231445, 0.2920047342777252, 0.2920047342777252, 1.0 ]
c_sliderThumbShadowColor = [ 0.0, 0.0, 0.0, 1.0 ]
c_sliderTipBorderColor = [ 0.7665705680847168, 0.7665705680847168, 0.7665705680847168, 1.0 ]
c_sliderTipCenterColor = [ 0.23054754734039307, 0.23054754734039307, 0.23054754734039307, 1.0 ]
c_sliderTipFontColor = [ 0.6791103482246399, 0.7655288577079773, 0.8386167287826538, 1.0 ]
c_sliderTipShadowColor = [ 0.10951006412506104, 0.10951006412506104, 0.10951006412506104, 1.0 ]
c_socketColor = [ 0.0, 0.0, 0.0, 0.0 ]
s_gridLineSize = 2.0
s_knobChannelGap = 3.0
s_knobChannelWidth = 8.0
s_knobShadowSize = 3.0
s_knobTextInset = 3.0
s_knobTextSize = 24.0
s_nodeBorderRadius = 8.0
s_nodeBorderSize = 2.0
s_nodeShadowSize = 4.0
s_nodeTitleBorder = 0.0
s_nodeTitleBorderRadius = 7.0
s_nodeTitleBorderSize = 0.0
s_nodeTitleFontPad = 6.0
s_nodeTitlePad = 4.0
s_nodeTitleShadowSize = 0.0
s_nodeTitleSize = 31.0
s_sliderBorderRadius = 4.0
s_sliderBorderSize = 0.0
s_sliderFontPad = 4.0
s_sliderShadowSize = 3.0
s_sliderThumbPad = 2.0
s_sliderThumbRadius = 4.0
s_sliderThumbShadowSize = 1.0
s_sliderTipBorderRadius = 5.0
s_sliderTipBorderSize = 0.0
s_sliderTipFontPad = 7.0
s_sliderTipFontSize = 36.0
s_sliderTipShadowSize = 4.0