['Default Theme']
c_gridLines = [ 0.25, 0.25, 0.25, 1.0 ]
c_nodeBackground = [ 0.3686274588108063, 0.3686274588108063, 0.3686274588108063, 0.501960813999176 ]
c_nodeBorderColor = [ 0.4627451002597809, 0.4627451002597809, 0.4627451002597809, 0.501960813999176 ]
c_nodeShadow = [ 0.10000000149011612, 0.10000000149011612, 0.10000000149011612, 0.5 ]
c_nodeTitleBackground = [ 0.20000000298023224, 0.20000000298023224, 0.20000000298023224, 0.699999988079071 ]
s_gridLineSize = 2.0
s_nodeBorderRadius = 3.0
s_nodeBorderSize = 2.0
s_nodeShadowSize = 8.0
s_nodeTitleBorder = 6.0
s_nodeTitleBorderRadius = 7.0
s_nodeTitleFontPad = 4.0
s_nodeTitleFontSize = 30.0