['Default Theme']
c_gridLines = [ 0.25, 0.25, 0.25, 1.0 ]
c_nodeBackground = [ 0.7521613836288452, 0.2254316657781601, 0.2254316657781601, 1.0 ]
c_nodeShadow = [ 0.10000000149011612, 0.10000000149011612, 0.10000000149011612, 0.5 ]
c_nodeTitleBackground = [ 0.20000000298023224, 0.20000000298023224, 0.20000000298023224, 0.699999988079071 ]
'murmur:0' = [ 0.20000000298023224, 0.20000000298023224 ]
'murmur:178' = [ 0.20000000298023224, 0.20000000298023224 ]
'murmur:2736996468' = 26.0
s_gridLineSize = 2.0
s_nodeBorderRadius = 4.0
s_nodeShadowSize = 2.0
s_nodeTitleBorder = 0.0
s_nodeTitleFontPad = 17.0
s_nodeTitleFontSize = 37.0